1725320126
431620497
884477708
177808543
1411919731
1804645111
27940628
1866288507
75314132
812265033
1710899215
909357703
1997523899
12219514
1331286918
285567835
162987845
221536873
1907308215
1744371116
434676191
1296243303
33075620
1757310388
580098190
17438492
175191443
585989478
1279167994
395596475
946713128
857004472
827216972
1831190836
1034813015
91653055
1488352300
1062753644
1957941562
1563666432
1875018677
1521357130
325540488
1725058928
1533576644
1656827406
2010626763
1696564489
1878364280
1770451331
1293451957
165556823
919210986
1326527577
1922867211
1499309176
1343966069
2098058655
2085298655
475650415
346171482
884528135
1332654888
1173388455
568235323
219984255
1265041510
2056587623
1282737899
1075499425
1472770408
1010272929
449372907
1798310896
587848209
1982949551
1307654654
450991325
1532030392
1038535286
73959008
677998702
1204092110
993169994
2004526279
979475673
344995523
1201008701
930050680
282810530
1676659116
1276222163
1167338665
861830356
302126970
1735573988
1081814612
1567168480
1644677964
217068863
495184257
969964724
1227341792
944557164
620791972
1815190002
780023067
1928446626
118697679
164569812
819498265
192656687
842568514
2023590375
1185826681
699611145
855582400
1530822204
1900619846
1785633081
1813632734
1429795315
914371596
833487751
144142023
1216498566
421578092
1225956635
636183398
2066256056
1443025499
1131367656
888737132
522883643
2075924820
1509529104
190589997
708464240
1290492082
309287676
873034052
2109990347
501944363
1715602566
1986097074
1687771045
267730063
694195827
1071109601
20866262
332345260
737258688
1450661577
1246716856
1570746439
1594803600
315731774
1992324531
673276588
951915172
1911096939
2116302087
2083282828
652350423
491702082
2011724001
14395879
682292080
572704593
1304887962
991579756
1445738645
1267394661
1493524120
1013857563
1106008088
1033811517
1281587626
1800203915
2104921118
1302453888
2132549175
694696158
605631817
1231782383
117958950
52951770
1547514157
2110283481
726228358
351945681
1873896773
695046797
287744862
378763548
1186748879
151985215
393159428
1869040959
724689808
1698047390
713137068
22944805
817958403
59177540
1036802368
1923966491
1092989057
170906346
1576686758
1050426527
1473360235
1561752285
1745122686
2078992052
646051020
1863081636
2131943822
46081529
1825881469
710688532
398027211
1552294594
1405735329
685772073
1931058143
445000561
837757288
176733923
166557872
1562447096
1874781313
879694940
1585391901
545256068
938872480
474710621
321738912
2031861537
645616967
1898425670
934804417
2118977202
1312694308
532443455
2050485607
1958745328
248041443
2034945781
2004826858
2073922912
598150666
255370421
1478733859
2003885995
941142494
1262308354
301402908
1778899782
1439042277
467960781
1193863230
1166339942
1347655721
631771483
1711596010
139044554
1106482104
2033334922
23422443
1752099071
1784276945
958226860
1723592626
949487605
1490670315
1626594585
760749285
1738711758
1514056718
618092495
1665151023
2112207384
873462916
996401234
1968609732
1814605410
111225940
122528992
1446021544
1550268217
590489773
492401126
569124511
1938145495
1124172609
133236873
2077190049
83171065
19088148
2100612492
1835270137
1803365093
911355705
1411379115
605369050
254542372
890490052
1366118335
1993254131
257063122
1984210831
1510921506
221786859
710190099
359839092
42912943
377311862
471065032
165441935
1823333406
2021333249
755931709
168250885
442974112
546593556
1292423494
576210985
476299957
1375594560
595299133
429428801
1063381049
251180578
1340784506
327276516
856549628
1595326879
1217766568
75184316
1441097362
1474829690
2059395147
804535220
1696616549
622101598
1164374312
1739529492
999413460
1635439344
1904971428
675263219
1509288945
513419489
843514104
1952263057
1060013045
2135937598
380990394
1536313002
1364048510
976289528
1965741803
279945911
1227470106
1159042662
607222427
2084019735
606885893
1824988995
11720403
2047983255
1152335038
2071115550
705034827
701467939
545733500
1869409139
293513784
1545146961
1357364835
51001564
72926532
719170132
564421053
916440636
523949541
1624434098
904894586
904939935
1013263452
121459449
1881229463
831521607
401405360
961215922
1990564269
1008627788
897752009
449966514
686133135
909472412
350466121
1838468173
833104314
1055500948
392452465
1378837814
777426439
685966249
776501127
2134791274
736967813
849427659
706477758
1301388866
1765868295
1230427299
778339316
523279234
2135367235
1791602768
644738683
1869113050
475640727
1046144043
682845324
318721349
2054771831
1580597333
768687863
593421319
342586097
1119153985
284405844
1175690411
27171285
676858309
407044578
804597725
1362824558
1183545705
791905351
2099792371
2032973365
1498383110
1253697589
1651358012
581326761
2032036905
27153598
569210348
1676156025
671892281
290839751
4313105
1718036325
973685075
323034454
1625324508
406798761
1091722317
71262179
749384858
63392654
355668024
1925075270
90563940
1032526333
184636200
895161665
247867244
1368181905
1687067016
200175967
1253671622
1037966478
1453873557
757545987
1619293240
1338426814
784699585
41019940
867099192
1456591867
331859691
871412297
1027144544
1305544767
1194446751
504985404
1712343528
138685420
576247584
314244738
202078075
931915608
91836360
292642015
1964441941
276472560
1187803680
64825537
1644654466
727387048
265001505
750842440
1765353527
1718875062
1508388427
1237163119
909818228
145604365
1278183059
1776917420
1602196232
1610042751
500846069
481857128
768103870
1695292820
986842532
332963750
1833978241
1563090116
647208488
2036056316
347522076
739044849
181214683
164480370
1015517409
1369018363
229305907
512688227
2096405411
494307412
1263530668
1714275290
65698826
624435447
803954761
975517055
770039812
2082137821
604950827
224752396
1544696924
1105796897
706609524
165317146
653606069
1693452057
498280896
340100662
1109058525
1145489384
228673330
1456580602
1884534233
409888013
1621060972
752567995
1778906376
1850366879
1265256222
1727828140
197190644
381303242
1294619782
262889470
1005738690
2098574544
1238406525
1775778502
2033228717
1843357353
2000530899
1430441993
801670602
559656775
1595759139
1455276671
105625184
2094040035
1795377334
1214683710
1092045771
2024050664
523780664
829096357
286455030
2144841636
1581664352
2065361406
1847724867
699436926
1645705898
2044915511
1080740169
792842033
160321334
2086478859
743932929
1398727859
1714773713
629677998
1094601564
1567820964
2060119991
1896272166
2127477740
1508395482
1204065190
85619276
1454951869
851958876
1300302986
399513992
728525892
1824083650
1228610349
1014980922
1821441638
662791053
932858681
1521682858
1362227980
431080931
1419114721
295484501
1223922964
1579436055
234479712
1967855893
830680267
1949253425
450050243
1925281831
1369590742
362686586
1674070350
1349584834
1871082068
730651892
1435204110
1178550289
1582610768
588023449
1578064282
163653012
264623451
659190983
1178633935
2086065090
1321982037
2111492616
1460264300
536726369
395089899
731895373
832210870
1619012864
163847781
1066690582
1439385109
994528048
868460359
1889435353
772326231
90567453
104638291
298912933
1440152287
1975720360
1029564825
727872750
1006787001
464691945
1315896199
437367635
628344958
1580519650
1096558619
1806978893
1519101092
271057008
1770987861
831881744
807783377
18594112
1563777118
1639994247
1637606976
1727624899
559201181
929508438
574669299
1427661540
671460143
1346995530
1518228994
776098434
1645908464
810897633
604335146
527989641
1538770383
1611122148
992681587
707182934
2048489783
1621026545
140218937
997564754
1280521790
1659320029
1268621762
904026003
343718126
2076405139
922620115
1907495244
1568915738
412743444
1487636495
2128116919
1342251882
2062305794
1408294812
2013712025
1261817676
779040158
642326811
760242492
1589937791
1246661958
1288232134
981224527
710300458
133430073
1688407461
611306593
1754456618
1828626398
1608871348
887494760
1340462780
730009462
1791520763
1684180906
658930954
566657230
1444192502
80363044
979400674
784345349
60996316
174168908
699167495
1469291128
40397285
1960985171
100847638
682724097
573744016
1690785429
1929386055
1861976150
524526308
492202865
1995406223
65450122
1103509458
1602379193
1894076520
564897158
342390305
1087055652
1294906621
2133911068
623752910
1953837575
553084650
2067945412
2034200619
1532485325
704807113
2095196935
1706654233
1403974608
1417004415
1747051519
1217476132
1517852053
282291968
1791220148
1061153835
64194375
1505712650
1585680143
556397240
1353635225
1651130265
1659906698
808530770
1397723138
77320209
1150921075
337295142
1372226830
1137348495
961048053
1178580757
1690433145
881509817
1065297728
1075434822
1586316931
1013011016
634605408
842807891
282531783
234173279
2060284023
1800383837
516465247
1704020523
714054024
580659622
1062249525
152250519
1137056862
268401102
1803380785
649479912
1076931872
1053620275
726800121
80369299
1390915417
2099026951
1217717794
204479822
1130124060
760667292
1085989640
47938141
1836102114
524822923
1060949157
323223874
1367630814
1343480940
557397153
1280431190
996381129
1073862400
836968065
1710435153
1654522022
1899217591
1862685673
644095236
20135045
1518582810
1293575149
1097066918
424719437
2020375270
1177436217
1815634854
1971918574
247670364
2020114677
954558986
1008337656
958620669
1002497127
696956122
1483443592
2063446284
1020179997
703590758
1259443577
1577577150
1984021948
108341058
503955903
673506366
1818776212
10994277
425240309
1533978237
655089514
445375354
905077399
1948664663
1542442272
1329796836
1821556285
572394842
997948042
1645991211
820065206
870579071
453066550
1828402862
1829199740
1455563677
377875336
1165159684
1371526314
1398055333
1868750443
483486243
828148836
1705288743
591827301
1332104739
231311461
263119865
1343099016
656551770
1797098102
1998188530
1101927125
554691853
1799369545
496885749
1884488689
1473442183
1069280591
734953084
971949746
1889345797
1605532155
1425016296
1570265011
1287248248
733096326
1948140348
304924284
2104622640
1198712033
26191079
440625235
2026860869
1731479823
1032452536
1211481960
1962791284
1295572402
407097329
471859407
945186856
257802211
1573786532
1499878710
2057171757
2070672281
1236883751
1383130292
992469225
1971836835
207596390
734331374
1429885343
1632612687
157112738
569649943
218225365
2105253086
874574227
175364357
1156481471
900765307
615989592
1035858693
484761482
1648442128
99857005
300069118
796530882
506954334
771928525
1741717739
764756546
198231409
1094112801
674444655
121420043
183512904
2057574947
1113889268
7866092
117687689
1848220642
1437751435
1750300376
